10037192
12972329
13332702
13659176
13993828
14893920
14894298
14968201
15017150
15021944
15362655
15466665
15552622
15564040
15695285
15715173
15957230
15969330
16082878
16137429
16167987
16214864
16223627
16246498
16277453
16277460
16277481
16357509
16390708
16501170
16608386
16621969
16632678
16700234
16702132
16714117
16717109
16737171
16738210
16806695
16815657
16843520
16864547
16865538
16865542
16865545
16865550
16870798
16875957
16888618
16893828
16896246
16905877
16909592
16924371
16942008
16983032
16999749
17033588
17036956
17064068
17064073
17064078
17081908
17085712
17096033
17106615
17107252
17110396
17127372
17135299
17164421
17181888
17223746
17223752
17227687
17228666
17232519
17250220
17250374
17250384
17250493
17266720
17268218
17278443
17283624
17310019
17315175
17315231
17328548
17352075
17354645
17365028
17366331
17374310
17382785
17390124
17390283
17396645
17398257
17398450
17426941
17449516
17456850
17468311
17476304
17479073
17479109
17479145
17483774
17489169
17494058
17494131
17494153
17494162
17501696
17520637
17565433
17565440
17565451
17565467
17565614
17565619
17565625
17565651
17577890
17578084
17578256
17579769
17590151
17602692
17621540
17630093
17631679
17631718
17633363
17633467
17634725
17636515
17637295
17645639
17646623
17646689
17646779
17646784
17646869
17649788
17665146
17665168
17665177
17665198
17665248
17671269
17693561
17700364
17702296
17710700
17710706
17710712
17713523
17715338
17716552
17725135
17725900
17737339
17739727
17742101
17748022
17748267
17754252
17754257
17757482
17759463
17761853
17766886
17770695
17770765
17770876
17771543
17787876
17788828
17788849
17788851
17788856
17788878
17788884
17788887
17788895
17788910
17788915
17790271
17790277
17790282
17796910
17799715
17804891
17805204
17806021
17806924
17811575
17811727
17812123
17812345
17823087
17826140
17827379
17827387
17827388
17827403
17827404
17827405
17827416
17827420
17827508
17829242
17832357
17833282
17843933
17845005
17845233
17845235
17845673
17850016
17851834
17855906
17860012
17860026
17862568
17866210
17867805
17868418
17873462
17874706
17877363
17878806
17879228
17879825
17879844
17880277
17882309
17883692
17884446
17886783
17886981
17888470
17893414
17893479
17893486
17896570
17898214
17899387
17902528
17902597
17903879
17903886
17903890
17904020
17910889
17911193
17922549
17922581
17926403
17928068
17932750
17932752
17932756
17938351
17940637
17941081
17941304
17945051
17945088
17946558
17946993
17947006
17947021
17953757
17971546
17974703
17976853
17977878
17981485
17983744
17985032
17987696
17990070
17993111
17993843
17995517
17996667
17999358
17999692
18001946
18002057
18002891
18003014
18009835
18012472
18013743
18018358
18018507
18018852
18019007
18024384
18030060
18031144
18031454
18031495
18032165
18032192
18032301
18032378
18035616
18042354
18042803
18043114
18043803
18049025
18051253
18065095
18065385
18066288
18067146
18071348
18071967
18071989
18073132
18074967
18075063
18077006
18077637
18077646
18077892
18079137
18080891
18086483
18086740
18086753
18086853
18088448
18093594
18094549
18094847
18094974
18095044
18096179
18098819
18098875
18099635
18099671
18099712
18102061
18102644
18103848
18104103
18104162
18104457
18104474
18104695
18106513
18111601
18111682
18117398
18117485
18117644
18121066
18124244
18125525
18125541
18125567
18126800
18127712
18128549
18134885
18134939
18137941
18138291
18139247
18142976
18143013
18144422
18150531
18151270
18151271
18153314
18154363
18154372
18154377
18154710
18155662
18155892
18157655
18157810
18157873
18157879
18157906
18157909
18159453
18160968
18160969
18162614
18162655
18162961
18163367
18163867
18163872
18163881
18163883
18163886
18163888
18163894
18163898
18163998
18164188
18165482
18166606
18166822
18166836
18167831
18169170
18170054
18171198
18171212
18180830
18181140
18181406
18181410
18181469
18181832
18184226
18184265
18184320
18184752
18184889
18185531
18186150
18186855
18186971
18186975
18186985
18186992
18187030
18188089
18191392
18191648
18192170
18192548
18193123
18193124
18196633
18197195
18197315
18199657
18200423
18200437
18200456
18203434
18203475
18203548
18204171
18204174
18204402
18205082
18205487
18209073
18210191
18210573
18210584
18210673
18210677
18211507
18212069
18212642
18212649
18212651
18212658
18212781
18213323
18213401
18214175
18214188
18214196
18214200
18214205
18214213
18214216
18214227
18214277
18214463
18214573
18214591
18214592
18214601
18214611
18214793
18215307
18215437
18215462
18215520
18215524
18216879
18216904
18216931
18216943
18216958
18216973
18216989
18219577
18220028
18220101
18220383
18220769
18221390
18221563
18223817
18224341
18224775
18224930
18226856
18228006
18230383
18230415
18230541
18230570
18230640
18230648
18231681
18231995
18233238
18233401
18233508
18233673
18233958
18234109
18234331
18234335
18234852
18235005
18235894
18237409
18237444
18237739
18237832
18237891
18238038
18238334
18238341
18238658
18240965
18240994
18241004
18241639
18241644
18245669
18246164
18246172
18246184
18246214
18246220
18246271
18246336
18246382
18246394
18247080
18247119
18247310
18247643
18247854
18248428
18249294
18249447
18251208
18251210
18251643
18251850
18251971
18252170
18252361
18252469
18252534
18252754
18253279
18253286
18253329
18254265
18254334
18254821
18254824
18254825
18254829
18254831
18254832
18255012
18255125
18255479
18255483
18257015
18257144
18258683
18259038
18259347
18259909
18260068
18260483
18260749
18261333
18261341
18261719
18261922
18261952
18261998
18262010
18262026
18262297
18262315
18262997
18263028
18263082
18263355
18263546
18263980
18264068
18264121
18264181
18264206
18264505
18264752
18264758
18264844
18264938
18265168
18265525
18265803
18266082
18266449
18266968
18267352
18267818
18267958
18268680
18270126
18271021
18271284
18271452
18271660
18271913
18271921
18272115
18272265
18272393
18272744
18272930
18272938
18272942
18273223
18273543
18273624
18273648
18273681
18273736
18273894
18274010
18274011
18274056
18274573
18274703
18274704
18274705
18274708
18274709
18274717
18274726
18274824
18275163
18275201
18275325
18275331
18275354
18275415
18275459
18275500
18275873
18275938
18275967
18276021
18276060
18276422
18276524
18276664
18276756
18276769
18276862
18276932
18277014
18277082
18277132
18277135
18277165
18277166
18277249
18277330
18277427
18277433
18277511
18277543
18277752
18277926
18277980
18278533
18279021
18279085
18279183
18279213
18279279
18279397
18279423
18279432
18279440
18279450
18279462
18279471
18279475
18279486
18279650
18279937
18279981
18280045
18280172
18280187
18280192
18280206
18280214
18280215
18280216
18280276
18280291
18280352
18280682
18280874
18280918
18280977
18281017
18281023
18281027
18281073
18281079
18281092
18281137
18281166
18281186
18281196
18281215
18281240
18281268
18281272
18281278
18281279
18281280
18281286
18281304
18281308
18281334
18281352
18281367
18281370
18281374
18281395
18281407
18281415
18281422
18281427
18281430
18281443
18281455
18281459
18281464
18281479
18281485
18281491
18281492
18281493
18281503
18281534
18281595
18281611
18281646
18281803
18281836
18281901
18281910
18281912
18281926
18281931
18282010
18282050
18282096
18282173
18282311
18282329
18282366
18282479
18282536
18282594
18282622
18282721
18282760
18282765
18282813
18282895
18282940
18282966
18282971
18282972
18282975
18282994
18283007
18283021
18283066
18283124
18283144
18283177
18283194
18283201
18283459
18283481
18283494
18283501
18283523
18283575
18283663
18283710
18283720
18283751
18283819
18283984
18284013
18284104
18284149
18284158
18284223
18284258
18284355
18284585
18284586
18284697
18284702
18284703
18284708
18284757
18284858
18284904
18284955
18285007
18285167
18285177
18285195
18285202
18285241
18285247
18285250
18285264
18285279
18285284
18285297
18285372
18285411
18285585
18285591
18285602
18285610
18285715
18285736
18285838
18285885
18285919
18286079
18286086
18286092
18286099
18286228
18286240
18286245
18286253
18286270
18286286
18286309
18286356
18286476
18286508
18286510
18286540
18286593
18286610
18286755
18286801
18286813
18286831
18286853
18286863
18286872
18286923
18287044
18287052
18287082
18287093
18287094
18287110
18287125
18287168
18287171
18287264
18287312
18287346
18287353
18287382
18287409
18287413
18287419
18287433
18287463
18287471
18287534
18287561
18287578
18287584
18287588
18287599
18287612
18287630
18287721
18287729
18287738
18287752
18287757
18287776
18287779
18287795
18287804
18287862
18287876
18287877
18287896
18287910
18287932
18287941
18287970
18288019
18288021
18288054
18288059
18288086
18288109
18288177
18288182
18288189
18288193
18288194
18288196
18288274
18288301
18288341
18288377
18288424
18288523
18288563
18288599
18288604
18288674
18288680
18288728
18288814
18288815
18288817
18288818
18288820
18288822
18288900
18288907
18288908
18288936
18288996
18289029
18289042
18289478
18289481
18289546
18289562
18289648
18289687
18289753
18289780
18289815
18289836
18289847
18289908
18289966
18289997
18290008
18290043
18290064
18290079
18290126
18290193
18290224
18290293
18290307
18290326
18290371
18290409
18290474
18290490
18290534
18290586
18290623
18290642
18290653
18290657
18290664
18290674
18290679
18290683
18290696
18290742
18290791
18290816
18290818
18290822
18290829
18290839
18290849
18290913
18290917
18290918
18290923
18290930
18290969
18290973
18290988
18291022
18291220
18291253
18291266
18291276
18291279
18291283
18291313
18291315
18291362
18291454
18291458
18291500
18291514
18291563
18291578
18291633
18291712
18291727
18291751
18291768
18291805
18291818
18291849
18291909
18292008
18292091
18292099
18292118
18292119
18292125
18292129
18292133
18292153
18292399
18292465
18292475
18292486
18292497
18292503
18292509
18292624
18292699
18292708
18292743
18292824
18292830
18292859
18292916
18292928
18292965
18293018
18293055
18293059
18293064
18293098
18293109
18293115
18293124
18293127
18293132
18293150
18293189
18293225
18293229
18293231
18293233
18293254
18293282
18293312
18293317
18293323
18293324
18293343
18293348
18293372
18293399
18293402
18293405
18293516
18293520
18293522
18293531
18293537
18293542
18293567
18293583
18293589
18293592
18293638
18293684
18293685
18293688
18293702
18293708
18293724
18293730
18293756
18293777
18293805
18293807
18293810
18293820
18293823
18293827
18293860
18293877
18293921
18293941
18293952
18293965
18294017
18294020
18294024
18294066
18294069
18294083
18294143
18294257
18294261
18294262
18294268
18294311
18294313
18294375
18294384
18294435
18294448
18294456
18294483
18294497
18294543
18294602
18294788
18294818
18294836
18294842
18294859
18294903
18294904
18294920
18294965
18295037
18295047
18295069
18295178
18295190
18295238
18295252
18295277
18295295
18295310
18295321
18295329
18295338
18295340
18295345
18295350
18295403
18295429
18295462
18295501
18295513
18295566
18295668
18295702
18295712
18295741
18295761
18295843
18295852
18295853
18295862
18295866
18295925
18295974
18295992
18296055
18296147
18296214
18296273
18296299
18296318
18296319
18296324
18296379
18296500
18296566
18296579
18296612
18296656
18296661
18296695
18296700
18296801
18296858
18296905
18296913
18296927
18296930
18296934
18296939
18296950
18297018
18297022
18297051
18297067
18297076
18297095
18297140
18297143
18297146
18297225
18297354
18297365
18297409
18297461
18297464
18297469
18297475
18297490
18297505
18297527
18297543
18297605
18297756
18297765
18297766
18297772
18297775
18297778
18297800
18297813
18297823
18297843
18297853
18297858
18297866
18297895
18297935
18297940
18297955
18297978
18298024
18298039
18298064
18298087
18298089
18298095
18298096
18298174
18298212
18298238
18298335
18298348
18298378
18298381
18298383
18298389
18298403
18298419
18298421
18298510
18298536
18298570
18298589
18298608
18298628
18298658
18298686
18298762
18298776
18298788
18298803
18298804
18298814
18298820
18298864
18298871
18298874
18298912
18298956
18298966
18298975
18298979
18298983
18298984
18298995
18299014
18299030
18299087
18299127
18299263
18299275
18299276
18299279
18299284
18299289
18299327
18299333
18299348
18299361
18299365
18299378
18299432
18299477
18299546
18299559
18299565
18299573
18299590
18299627
18299675
18299689
18299749
18299752
18299764
18299775
18299781
18299788
18299789
18299790
18299792
18299794
18299797
18299800
18299811
18299821
18299823
18299833
18299834
18299854
18299861
18299871
18299891
18299899
18299920
18299945
18299947
18299979
18299999
18300001
18300017
18300023
18300033
18300034
18300038
18300083
18300095
18300218
18300223
18300226
18300227
18300229
18300232
18300242
18300245
18300246
18300276
18300281
18300282
18300285
18300343
18300471
18300475
18300533
18300556
18300557
18300712
18300728
18300781
18300901
18300913
18300920
18300926
18300933
18300959
18300995
18301040
18301051
18301058
18301073
18301088
18301102
18301111
18301164
18301193
18301212
18301239
18301280
18301294
18301304
18301319
18301324
18301375
18301380
18301461
18301494
18301514
18301577
18301633
18301634
18301660
18301678
18301715
18301722
18301732
18301745
18301748
18301825
18301884
18301912
18301919
18301965
18302033
18302060
18302115
18302118
18302232
18302257
18302261
18302268
18302290
18302334
18302347
18302381
18302452
18302463
18302489
18302514
18302517
18302594
18302603
18302622
18302640
18302649
18302744
18302747
18302751
18302802
18302824
18302826
18302830
18302833
18302838
18302848
18302852
18302854
18302901
18302922
18302989
18303004
18303007
18303036
18303037
18303071
18303086
18303125
18303127
18303204
18303236
18303276
18303334
18303396
18303441
18303466
18303540
18303582
18303673
18303750
18303761
18303770
18303816
18303850
18303956
18304017
18304054
18304114
18304145
18304154
18304158
18304174
18304180
18304187
18304195
18304235
18304274
18304323
18304377
18304393
18304402
18304405
18304408
18304410
18304448
18304457
18304466
18304473
18304478
18304561
18304565
18304596
18304607
18304617
18304622
18304625
18304639
18304640
18304645
18304666
18304697
18304799
18304835
18304898
18304920
18304922
18304957
18304958
18304962
18304966
18304976
18304979
18304986
18304989
18304992
18304996
18305003
18305005
18305018
18305023
18305026
18305028
18305033
18305034
18305049
18305050
18305055
18305087
18305125
18305170
18305173
18305176
18305182
18305190
18305191
18305194
18305197
18305201
18305208
18305210
18305211
18305226
18305250
18305253
18305257
18305265
18305271
18305275
18305286
18305312
18305318
18305326
18305346
18305349
18305354
18305383
18305474
18305485
18305501
18305507
18305522
18305529
18305580
18305587
18305629
18305702
18305718
18305741
18305765
18305766
18305783
18305797
18305808
18305821
18305887
18305909
18305911
18305955
18306048
18306069
18306077
18306099
18306115
18306116
18306139
18306145
18306155
18306158
18306162
18306228
18306236
18306240
18306243
18306260
18306264
18306288
18306289
18306314
18306326
18306332
18306337
18306344
18306346
18306348
18306350
18306358
18306362
18306363
18306365
18306366
18306373
18306376
18306379
18306380
18306387
18306394
18306398
18306414
18306416
18306421
18306433
18306449
18306463
18306476
18306482
18306493
18306580
18306609
18306665
18306667
18306694
18306718
18306720
18306783
18306808
18306827
18306830
18306858
18306868
18306875
18306897
18306924
18306970
18307020
18307217
18307286
18307421
18307424
18307431
18307450
18307470
18307523
18307580
18307585
18307620
18307640
18307647
18307650
18307655
18307657
18307686
18307720
18307732
18307735
18307767
18307787
18307822
18307851
18307856
18307878
18307894
18307907
18307918
18307935
18307936
18307946
18307960
18307970
18308005
18308021
18308029
18308112
18308125
18308183
18308185
18308218
18308270
18308281
18308285
18308288
18308291
18308295
18308301
18308317
18308576
18308589
18308661
18308674
18308699
18308706
18308719
18308725
18308736
18308851
18308852
18308854
18308862
18308868
18308903
18308909
18308914
18308916
18308917
18308918
18308919
18308924
18308936
18308941
18308943
18308961
18309008
18309037
18309038
18309081
18309202
18309265
18309279
18309310
18309395
18309419
18309437
18309443
18309452
18309453
18309463
18309491
18309502
18309504
18309505
18309578
18309582
18309585
18309609
18309613
18309720
18309744
18309768
18309823
18309852
18309978
18309985
18310027
18310035
18310049
18310052
18310074
18310080
18310129
18310171
18310172
18310176
18310189
18310292
18310298
18310301
18310310
18310323
18310355
18310360
18310423
18310474
18310483
18310485
18310487
18310563
18310572
18310598
18310638
18310648
18310668
18310670
18310671
18310673
18310674
18310676
18310679
18310692
18310725
18310760
18310788
18310818
18310825
18310828
18310829
18310840
18310843
18310846
18310847
18310868
18310885
18310913
18310915
18310921
18310938
18310961
18310962
18310963
18310964
18310965
18311044
18311079
18311084
18311111
18311127
18311132
18311145
18311153
18311158
18311236
18311238
18311241
18311250
18311276
18311293
18311300
18311306
18311309
18311323
18311341
18311343
18311350
18311364
18311457
18311490
18311493
18311501
18311503
18311504
18311517
18311535
18311543
18311545
18311566
18311578
18311585
18311595
18311600
18311649
18311650
18311707
18311710
18311727
18311771
18311772
18311800
18311815
18311820
18311845
18311848
18311901
18311911
18311923
18311964
18311965
18311968
18311969
18311994
18312039
18312040
18312132
18312143
18312144
18312147
18312155
18312160
18312161
18312163
18312170
18312173
18312175
18312182
18312189
18312225
18312245
18312253
18312254
18312258
18312263
18312269
18312447
18312486
18312586
18312591
18312635
18312669
18312756
18312760
18312771
18312822
18312902
18312904
18312993
18313069
18313095
18313191
18313200
18313278
18313287
18313301
18313378
18313396
18313413
18313455
18313466
18313488
18313493
18313513
18313530
18313637
18313740
18313921
18313995
18314007
18314104
18314110
18314119
18314156
18314214
18314325
18314343
18314411
18314435
18314587
18314595
18314671
18314698
18314709
18314752
18314775
18314786
18314817
18314826
18314832
18314866
18314868
18314890
18314936
18314940
18314946
18315010
18315020
18315025
18315034
18315081
18315083
18315087
18315107
18315144
18315150
18315173
18315188
18315218
18315226
18315265
18315294
18315418
18315431
18315434
18315452
18315475
18315529
18315555
18315582
18315598
18315620
18315647
18315663
18315699
18315719
18315722
18315735
18315754
18315766
18315819
18315840
18315868
18315970
18315978
18316034
18316059
18316078
18316095
18316117
18316120
18316138
18316146
18316155
18316157
18316175
18316212
18316214
18316287
18316305
18316314
18316369
18316478
18316511
18316526
18316545
18316566
18316567
18316582
18316585
18316593
18316615
18316641
18316644
18316687
18316692
18316698
18316733
18316771
18316802
18316900
18316904
18316916
18316918
18316933
18316940
18316942
18316947
18316974
18316995
18317009
18317038
18317086
18317102
18317139
18317158
18317198
18317214
18317219
18317255
18317287
18317294
18317322
18317342
18317356
18317366
18317372
18317388
18317399
18317407
18317408
18317416
18317429
18317431
18317433
18317556
18317587
18317614
18317625
18317626
18317633
18317677
18317706
18317731
18317771
18317786
18317828
18317860
18317870
18317918
18317959
18317966
18317993
18318000
18318006
18318059
18318143
18318144
18318164
18318218
18318225
18318245
18318252
18318261
18318267
18318268
18318281
18318302
18318318
18318320
18318324
18318337
18318341
18318344
18318353
18318357
18318360
18318368
18318395
18318405
18318409
18318418
18318421
18318429
18318443
18318451
18318454
18318473
18318482
18318509
18318613
18318618
18318633
18318651
18318652
18318654
18318659
18318665
18318680
18318695
18318699
18318704
18318727
18318735
18318799
18318826
18318846
18318871
18318873
18318875
18318883
18318886
18318889
18318899
18318921
18318935
18318951
18318952
18318973
18318977
18318985
18318995
18319001
18319038
18319048
18319053
18319069
18319076
18319108
18319109
18319123
18319154
18319184
18319187
18319191
18319216
18319225
18319243
18319262
18319377
18319437
18319448
18319515
18319546
18319574
18319576
18319580
18319583
18319585
18319587
18319592
18319594
18319600
18319608
18319616
18319621
18319622
18319629
18319630
18319644
18319647
18319650
18319653
18319660
18319678
18319681
18319684
18319690
18319691
18319704
18319706
18319708
18319727
18319770
18319776
18319839
18319847
18319848
18319879
18319905
18320038
18320068
18320150
18320159
18320170
18320253
18320329
18320369
18320423
18320478
18320532
18320567
18320578
18320589
18320591
18320597
18320600
18320610
18320615
18320633
18320644
18320648
18320716
18320718
18320725
18320758
18320772
18320794
18320812
18320826
18320902
18320918
18321041
18321065
18321097
18321141
18321152
18321160
18321175
18321177
18321180
18321182
18321186
18321187
18321194
18321196
18321222
18321236
18321239
18321250
18321254
18321262
18321267
18321271
18321274
18321281
18321372
18321416
18321439
18321442
18321459
18321474
18321496
18321672
18321753
18321819
18321827
18321856
18321875
18321897
18321907
18321919
18321935
18322004
18322015
18322052
18322074
18322101
18322103
18322113
18322116
18322120
18322132
18322145
18322157
18322209
18322221
18322227
18322234
18322244
18322252
18322305
18322401
18322412
18322413
18322430
18322505
18322595
18322615
18322648
18322822
18322823
18322831
18322840
18322842
18322911
18322957
18322970
18322978
18322989
18323007
18323056
18323083
18323087
18323113
18323121
18323131
18323278
18323289
18323299
18323305
18323312
18323321
18323324
18323326
18323328
18323339
18323354
18323358
18323403
18323406
18323418
18323422
18323424
18323427
18323430
18323478
18323482
18323487
18323520
18323598
18323604
18323627
18323633
18323639
18323643
18323651
18323653
18323655
18323665
18323666
18323676
18323684
18323702
18323713
18323719
18323721
18323731
18323743
18323747
18323754
18323758
18323761
18323764
18323794
18323804
18323845
18323854
18323869
18323871
18323893
18323906
18323934
18323937
18323949
18323977
18323980
18323985
18324013
18324028
18324113
18324168
18324171
18324193
18324197
18324255
18324286
18324384
18324416
18324449
18324464
18324477
18324490
18324513
18324536
18324590
18324638
18324652
18324694
18324768
18324802
18324812
18324841
18324849
18324920
18324943
18324969
18324982
18325036
18325042
18325045
18325075
18325084
18325169
18325205
18325215
18325245
18325248
18325249
18325251
18325266
18325280
18325293
18325326
18325332
18325335
18325344
18325362
18325371
18325373
18325376
18325383
18325393
18325439
18325443
18325497
18325520
18325546
18325567
18325569
18325570
18325575
18325583
18325590
18325610
18325670
18325674
18325703
18325729
18325734
18325753
18325754
18325772
18325782
18325814
18325818
18325833
18325889
18326060
18326067
18326118
18326177
18326215
18326257
18326366
18326391
18326409
18326428
18326442
18326468
18326498
18326540
18326600
18326610
18326621
18326628
18326646
18326658
18326675
18326726
18326753
18326754
18326757
18326761
18326762
18326785
18326787
18326796
18326798
18326803
18326830
18326848
18326857
18326876
18326924
18326931
18326977
18327028
18327119
18327147
18327151
18327159
18327250
18327274
18327292
18327303
18327333
18327415
18327428
18327591
18327641
18327713
18327717
18327720
18327725
18327735
18327747
18327754
18327763
18327773
18327781
18327789
18327794
18327816
18327856
18327860
18327867
18327880
18327883
18327890
18327896
18327900
18327902
18327908
18327915
18327921
18327942
18327979
18328000
18328016
18328081
18328101
18328111
18328229
18328247
18328256
18328264
18328310
18328374
18328376
18328387
18328401
18328415
18328420
18328424
18328463
18328480
18328513
18328535
18328552
18328573
18328591
18328655
18328674
18328696
18328697
18328738
18328754
18328782
18328812
18328824
18328830
18328845
18328889
18328960
18328987
18329001
18329054
18329080
18329084
18329143
18329161
18329163
18329168
18329172
18329283
18329370
18329373
18329396
18329409
18329410
18329426
18329438
18329442
18329452
18329454
18329487
18329511
18329514
18329533
18329561
18329603
18329648
18329660
18329687
18329700
18329716
18329796
18329827
18329871
18329889
18329903
18329909
18329911
18329920
18329988
18330013
18330056
18330061
18330150
18330155
18330158
18330168
18330185
18330195
18330225
18330236
18330260
18330282
18330285
18330320
18330364
18330443
18330581
18330590
18330615
18330692
18330701
18330713
18330731
18330732
18330739
18330743
18330771
18330781
18330797
18330801
18330823
18330824
18330859
18330871
18330875
18330936
18330956
18331034
18331177
18331263
18331313
18331319
18331408
18331428
18331452
18331457
18331460
18331467
18331488
18331511
18331540
18331549
18331557
18331559
18331571
18331591
18331636
18331648
18331661
18331671
18331702
18331707
18331729
18331795
18331819
18331822
18331854
18331870
18331880
18331885
18331888
18331937
18331939
18331940
18331944
18331945
18331999
18332008
18332092
18332145
18332173
18332289
18332338
18332379
18332390
18332434
18332452
18332474
18332480
18332501
18332518
18332525
18332530
18332542
18332546
18332735
18332778
18332779
18332816
18332836
18332837
18332848
18332864
18332895
18332957
18333112
18333210
18333304
18333419
18333497
18333574
18333580
18333581
18333605
18333638
18333662
18333673
18333708
18333764
18333766
18333779
18333836
18333861
18333891
18333911
18333914
18333938
18333984
18334095
18334141
18334154
18334169
18334207
18334222
18334310
18334366
18334368
18334385
18334402
18334439
18334540
18334548
18334596
18334601
18334608
18334616
18334640
18334661
18334754
18334878
18334882
18334892
18334893
18334908
18334990
18335004
18335028
18335100
18335202
18335216
18335300
18335317
18335331
18335338
18335347
18335459
18335468
18335496
18335497
18335538
18335541
18335567
18335572
18335591
18335607
18335612
18335617
18335619
18335623
18335629
18335631
18335635
18335637
18335640
18335646
18335660
18335670
18335672
18335712
18335741
18335797
18335799
18335811
18335812
18335824
18335847
18335885
18335924
18335935
18335936
18335937
18335940
18335947
18335968
18335997
18336008
18336022
18336098
18336140
18336207
18336262
18336264
18336278
18336289
18336308
18336321
18336359
18336365
18336367
18336371
18336400
18336404
18336524
18336527
18336533
18336535
18336544
18336563
18336577
18336607
18336633
18336683
18336695
18336758
18336766
18336771
18336784
18336797
18336809
18336812
18336826
18336840
18336845
18336847
18336856
18336866
18336873
18336876
18336886
18336909
18336933
18336961
18336983
18336995
18337070
18337074
18337076
18337084
18337134
18337153
18337155
18337158
18337162
18337163
18337165
18337174
18337187
18337219
18337221
18337237
18337242
18337251
18337253
18337255
18337262
18337263
18337270
18337282
18337302
18337309
18337313
18337320
18337333
18337337
18337357
18337409
18337463
18337466
18337574
18337604
18337619
18337632
18337644
18337653
18337654
18337658
18337660
18337684
18337702
18337736
18337752
18337791
18337805
18337819
18337821
18337828
18337877
18337900
18337914
18337927
18337972
18337985
18338006
18338007
18338025
18338046
18338068
18338071
18338072
18338086
18338115
18338131
18338138
18338152
18338165
18338184
18338317
18338318
18338390
18338395
18338405
18338437
18338439
18338526
18338534
18338537
18338587
18338593
18338601
18338614
18338747
18338858
18338959
18338972
18339010
18339024
18339089
18339111
18339120
18339199
18339227
18339341
18339376
18339489
18339510
18339543
18339545
18339549
18339575
18339576
18339584
18339591
18339603
18339628
18339638
18339650
18339810
18339919
18339925
18339944
18339971
18340115
18340133
18340151
18340228
18340235
18340238
18340282
18340291
18340328
18340341
18340344
18340409
18340430
18340444
18340456
18340477
18340482
18340497
18340517
18340539
18340547
18340553
18340557
18340562
18340572
18340586
18340597
18340603
18340621
18340650
18340656
18340664
18340680
18340687
18340690
18340693
18340696
18340702
18340704
18340706
18340725
18340736
18340740
18340741
18340742
18340748
18340750
18340861
18340878
18340887
18340888
18340889
18340897
18340915
18340929
18340934
18340955
18340980
18341027
18341035
18341042
18341057
18341059
18341097
18341101
18341119
18341128
18341145
18341163
18341181
18341211
18341219
18341234
18341299
18341344
18341345
18341359
18341388
18341391
18341400
18341429
18341446
18341535
18341564
18341615
18341636
18341644
18341650
18341655
18341669
18341677
18341683
18341711
18341714
18341737
18341849
18341892
18341897
18341904
18341930
18341959
18341968
18341976
18341989
18342029
18342047
18342211
18342215
18342216
18342227
18342228
18342229
18342233
18342252
18342282
18342310
18342448
18342450
18342467
18342491
18342511
18342524
18342565
18342604
18342618
18342636
18342640
18342643
18342705
18342721
18342735
18342799
18342820
18342822
18342825
18342830
18342840
18342844
18342847
18342853
18342874
18342883
18342900
18342909
18342914
18342946
18342963
18343023
18343056
18343098
18343151
18343155
18343172
18343178
18343190
18343208
18343220
18343258
18343261
18343365
18343396
18343412
18343414
18343429
18343434
18343436
18343438
18343473
18343477
18343484
18343512
18343517
18343519
18343615
18343692
18343717
18343725
18343727
18343729
18343746
18343938
18343967
18343969
18343983
18343988
18343990
18343999
18344021
18344073
18344097
18344112
18344114
18344125
18344134
18344147
18344156
18344157
18344167
18344169
18344215
18344264
18344279
18344282
18344296
18344304
18344323
18344329
18344345
18344347
18344373
18344385
18344394
18344403
18344408
18344411
18344425
18344430
18344433
18344435
18344436
18344445
18344450
18344464
18344482
18344494
18344498
18344504
18344508
18344510
18344551
18344592
18344621
18344636
18344641
18344648
18344667
18344705
18344730
18344735
18344740
18344744
18344752
18344787
18344793
18344795
18344803
18344836
18344850
18344889
18344931
18344970
18344990
18344993
18345070
18345072
18345090
18345104
18345120
18345146
18345149
18345198
18345218
18345225
18345236
18345266
18345271
18345277
18345293
18345371
18345386
18345440
18345484
18345502
18345582
18345639
18345665
18345677
18345700
18345733
18345793
18345826
18345846
18345891
18345897
18345922
18345942
18345986
18346015
18346186
18346193
18346207
18346223
18346230
18346240
18346272
18346275
18346539
18346592
18346596
18346624
18346642
18346660
18346668
18346700
18346829
18346835
18346838
18346871
18346895
18346900
18346934
18346987
18347085
18347090
18347093
18347107
18347112
18347119
18347148
18347162
18347166
18347174
18347185
18347196
18347210
18347225
18347230
18347231
18347280
18347281
18347283
18347346
18347402
18347404
18347473
18347474
18347476
18347480
18347488
18347508
18347531
18347535
18347541
18347559
18347562
18347576
18347581
18347603
18347697
18347730
18347731
18347750
18347778
18347811
18347857
18347894
18347923
18347925
18347991
18348003
18348028
18348060
18348061
18348089
18348096
18348102
18348200
18348290
18348298
18348300
18348324
18348336
18348349
18348522
18348523
18348563
18348566
18348575
18348595
18348602
18348615
18348623
18348624
18348630
18348711
18348712
18348719
18348725
18348732
18348755
18348758
18348819
18348826
18348844
18348853
18348855
18348860
18348862
18348866
18348871
18348927
18348936
18348976
18349011
18349012
18349013
18349015
18349021
18349022
18349023
18349040
18349045
18349052
18349094
18349125
18349165
18349169
18349205
18349222
18349240
18349245
18349296
18349297
18349304
18349314
18349319
18349441
18349460
18349509
18349510
18349512
18349514
18349517
18349518
18349519
18349531
18349553
18349592
18349599
18349633
18349635
18349638
18349653
18349656
18349666
18349676
18349687
18349690
18349705
18349721
18349724
18349732
18349736
18349739
18349777
18349788
18349792
18349796
18349846
18349869
18349934
18349978
18349993
18350008
18350009
18350021
18350022
18350028
18350070
18350086
18350092
18350093
18350095
18350096
18350157
18350162
18350168
18350198
18350224
18350235
18350250
18350256
18350259
18350261
18350264
18350267
18350269
18350270
18350271
18350274
18350276
18350277
18350279
18350300
18350307
18350322
18350366
18350375
18350390
18350480
18350491
18350498
18350504
18350528
18350587
18350653
18350657
18350717
18350721
18350745
18350752
18350754
18350760
18350762
18350769
18350818
18350839
18350842
18350932
18350940
18350944
18350950
18350953
18350960
18350979
18350980
18350982
18350984
18351026
18351030
18351046
18351054
18351055
18351065
18351068
18351069
18351077
18351079
18351096
18351100
18351128
18351134
18351157
18351217
18351223
18351226
18351228
18351239
18351253
18351256
18351307
18351313
18351320
18351333
18351433
18351487
18351489
18351500
18351514
18351559
18351572
18351612
18351643
18351671
18351803
18351817
18351827
18351858
18351865
18352028
18352046
18352059
18352064
18352068
18352105
18352151
18352171
18352202
18352314
18352319
18352341
18352369
18352398
18352404
18352409
18352424
18352427
18352480
18352486
18352570
18352667
18352676
18352733
18352885
18352897
18352966
18352988
18353007
18353028
18353030
18353047
18353071
18353076
18353080
18353083
18353088
18353098
18353100
18353121
18353145
18353150
18353158
18353168
18353172
18353181
18353203
18353214
18353217
18353231
18353293
18353307
18353377
18353379
18353404
18353405
18353409
18353434
18353445
18353457
18353480
18353496
18353524
18353531
18353534
18353601
18353627
18353633
18353642
18353646
18353656
18353682
18353754
18353778
18353782
18353787
18353790
18353800
18353816
18353823
18353840
18353853
18353854
18353858
18353871
18353873
18353881
18353907
18353938
18353996
18354000
18354003
18354008
18354020
18354025
18354026
18354032
18354036
18354040
18354045
18354050
18354052
18354067
18354070
18354081
18354164
18354209
18354227
18354242
18354279
18354281
18354302
18354336
18354377
18354453
18354498
18354501
18354505
18354530
18354536
18354550
18354554
18354556
18354573
18354577
18354599
18354619
18354621
18354634
18354636
18354639
18354670
18354671
18354678
18354683
18354691
18354692
18354699
18354704
18354709
18354715
18354720
18354726
18354735
18354736
18354743
18354750
18354764
18354772
18354775
18354798
18354806
18354814
18354833
18354840
18354844
18354845
18354851
18354858
18354859
18354863
18354876
18354946
18354966
18354968
18354972
18354974
18354976
18354984
18354992
18354996
18355026
18355033
18355040
18355048
18355064
18355077
18355083
18355086
18355087
18355094
18355106
18355127
18355149
18355156
18355160
18355161
18355172
18355179
18355180
18355209
18355236
18355255
18355259
18355322
18355326
18355384
18355391
18355411
18355420
18355437
18355478
18355487
18355541
18355546
18355563
18355567
18355575
18355578
18355580
18355593
18355597
18355605
18355622
18355634
18355640
18355643
18355652
18355663
18355668
18355682
18355719
18355773
18355788
18355800
18355803
18355833
18355898
18355911
18355966
18355971
18355974
18355976
18355987
18356018
18356021
18356045
18356062
18356112
18356170
18356198
18356268
18356358
18356371
18356382
18356419
18356425
18356429
18356437
18356507
18356530
18356546
18356558
18356564
18356585
18356612
18356655
18356711
18356725
18356751
18356752
18356769
18356786
18356799
18356803
18356811
18356814
18356834
18356840
18356848
18356851
18356873
18356874
18356882
18356888
18356917
18356960
18357032
18357045
18357057
18357066
18357075
18357106
18357109
18357134
18357140
18357157
18357171
18357193
18357227
18357237
18357243
18357247
18357251
18357258
18357273
18357279
18357306
18357309
18357323
18357324
18357333
18357364
18357375
18357380
18357396
18357442
18357464
18357471
18357534
18357549
18357581
18357592
18357623
18357637
18357638
18357652
18357668
18357673
18357691
18357702
18357705
18357796
18357801
18357828
18357866
18357868
18357909
18357914
18357949
18357957
18357960
18357982
18358001
18358033
18358046
18358065
18358070
18358075
18358091
18358092
18358099
18358109
18358114
18358137
18358148
18358165
18358171
18358182
18358214
18358237
18358254
18358261
18358264
18358342
18358367
18358379
18358381
18358404
18358416
18358434
18358436
18358474
18358481
18358484
18358517
18358558
18358610
18358622
18358635
18358672
18358689
18358710
18358721
18358749
18358754
18358792
18358836
18358837
18358838
18358853
18358860
18358870
18358879
18358882
18358902
18358905
18358909
18358912
18358920
18358922
18358933
18358937
18358939
18358946
18358947
18358948
18358949
18358953
18358956
18358960
18358961
18358965
18358966
18358967
18358971
18358972
18358975
18358984
18358989
18358998
18359013
18359018
18359021
18359027
18359039
18359049
18359050
18359072
18359078
18359098
18359121
18359126
18359128
18359133
18359138
18359191
18359193
18359200
18359210
18359261
18359276
18359302
18359310
18359315
18359325
18359388
18359402
18359452
18359460
18359596
18359634
18359642
18359643
18359644
18359645
18359680
18359690
18359757
18359771
18359785
18359786
18359811
18359813
18359818
18359821
18359823
18359829
18359837
18359849
18359886
18359907
18359911
18359915
18359924
18359969
18359973
18360002
18360024
18360048
18360060
18360069
18360080
18360093
18360119
18360129
18360136
18360185
18360193
18360206
18360224
18360241
18360264
18360279
18360285
18360292
18360293
18360299
18360301
18360310
18360320
18360327
18360337
18360355
18360357
18360394
18360409
18360455
18360480
18360491
18360516
18360519
18360525
18360599
18360603
18360618
18360638
18360691
18360695
18360743
18360802
18360805
18360835
18360857
18360860
18360877
18360898
18361095
18361114
18361128
18361139
18361150
18361152
18361160
18361179
18361189
18361216
18361225
18361236
18361239
18361248
18361256
18361283
18361321
18361337
18361350
18361353
18361371
18361382
18361394
18361435
18361450
18361464
18361483
18361496
18361528
18361537
18361540
18361575
18361591
18361597
18361617
18361618
18361649
18361651
18361671
18361675
18361679
18361691
18361695
18361705
18361713
18361715
18361724
18361729
18361742
18361790
18361791
18361802
18361841
18361842
18361844
18361851
18361923
18361932
18361990
18362040
18362044
18362083
18362096
18362109
18362171
18362220
18362230
18362269
18362283
18362294
18362342
18362376
18362417
18362418
18362425
18362428
18362439
18362472
18362575
18362585
18362606
18362609
18362623
18362635
18362637
18362660
18362671
18362679
18362725
18362778
18362790
18362791
18362797
18362803
18362806
18362810
18362824
18362826
18362833
18362843
18362863
18362911
18362955
18362987
18363009
18363090
18363092
18363123
18363165
18363167
18363196
18363225
18363229
18363247
18363265
18363268
18363285
18363294
18363304
18363313
18363315
18363347
18363369
18363420
18363465
18363548
18363550
18363562
18363565
18363633
18363645
18363652
18363655
18363678
18363680
18363685
18363693
18363706
18363714
18363722
18363754
18363762
18363772
18363825
18363827
18363844
18363910
18363975
18364078
18364107
18364110
18364163
18364169
18364189
18364193
18364237
18364265
18364266
18364289
18364291
18364311
18364327
18364361
18364405
18364430
18364465
18364471
18364493
18364500
18364512
18364520
18364598
18364606
18364625
18364628
18364634
18364639
18364654
18364736
18364765
18364782
18364833
18364834
18364850
18364859
18364868
18364875
18364878
18364883
18364890
18364896
18364901
18364904
18364911
18364921
18364943
18364955
18364958
18364968
18364979
18365014
18365046
18365059
18365101
18365104
18365111
18365159
18365186
18365191
18365196
18365233
18365244
18365249
18365268
18365277
18365284
18365303
18365328
18365337
18365367
18365385
18365390
18365454
18365459
18365478
18365491
18365498
18365523
18365552
18365556
18365561
18365577
18365593
18365604
18365608
18365632
18365667
18365745
18365770
18365771
18365784
18365795
18365802
18365814
18365815
18365818
18365822
18365848
18365897
18365955
18366066
18366110
18366116
18366120
18366129
18366141
18366147
18366157
18366166
18366172
18366181
18366191
18366199
18366203
18366209
18366245
18366247
18366272
18366281
18366297
18366299
18366307
18366309
18366322
18366325
18366334
18366356
18366367
18366375
18366417
18366438
18366444
18366500
18366505
18366508
18366512
18366526
18366532
18366549
18366559
18366580
18366594
18366599
18366622
18366666
18366684
18366705
18366709
18366721
18366729
18366774
18366775
18366796
18366799
18366825
18366828
18366829
18366832
18366837
18366845
18366852
18366864
18366867
18366870
18366890
18366907
18366909
18366911
18366913
18366929
18366930
18366933
18366940
18366942
18366944
18366988
18367016
18367022
18367023
18367030
18367034
18367055
18367058
18367060
18367128
18367131
18367138
18367140
18367218
18367230
18367240
18367241
18367242
18367281
18367294
18367298
18367386
18367395
18367402
18367420
18367437
18367442
18367446
18367498
18367581
18367616
18367623
18367630
18367637
18367655
18367662
18367673
18367679
18367686
18367698
18367707
18367729
18367738
18367741
18367747
18367761
18367782
18367783
18367791
18367794
18367798
18367803
18367922
18367928
18367936
18367943
18368010
18368107
18368116
18368120
18368124
18368131
18368144
18368158
18368170
18368183
18368210
18368215
18368258
18368274
18368314
18368345
18368351
18368381
18368391
18368439
18368448
18368488
18368490
18368508
18368550
18368583
18368589
18368642
18368671
18368677
18368726
18368758
18368770
18368775
18368782
18368787
18368802
18368821
18368844
18368847
18368856
18368918
18368929
18368932
18368954
18368958
18368961
18369014
18369021
18369049
18369086
18369088
18369109
18369163
18369170
18369175
18369184
18369197
18369200
18369208
18369256
18369270
18369274
18369282
18369287
18369293
18369299
18369300
18369302
18369305
18369311
18369312
18369313
18369314
18369316
18369317
18369318
18369326
18369328
18369350
18369351
18369356
18369410
18369430
18369449
18369452
18369453
18369458
18369460
18369483
18369487
18369517
18369522
18369532
18369592
18369608
18369613
18369648
18369655
18369656
18369676
18369683
18369689
18369701
18369741
18369757
18369765
18369805
18369840
18369864
18369915
18369927
18369944
18370004
18370031
18370037
18370054
18370065
18370104
18370150
18370177
18370187
18370194
18370206
18370249
18370299
18370304
18370313
18370332
18370340
18370465
18370467
18370488
18370491
18370493
18370499
18370504
18370507
18370522
18370551
18370563
18370576
18370581
18370636
18370678
18370691
18370718
18370724
18370725
18370735
18370752
18370759
18370780
18370809
18370815
18370883
18370901
18370964
18370998
18371008
18371012
18371013
18371019
18371027
18371032
18371036
18371040
18371042
18371044
18371055
18371062
18371067
18371075
18371095
18371099
18371111
18371112
18371114
18371126
18371133
18371142
18371174
18371217
18371238
18371242
18371275
18371277
18371290
18371294
18371299
18371304
18371311
18371316
18371317
18371324
18371331
18371332
18371339
18371344
18371349
18371377
18371400
18371409
18371422
18371439
18371443
18371449
18371486
18371492
18371494
18371497
18371524
18371539
18371554
18371560
18371564
18371566
18371570
18371574
18371591
18371597
18371610
18371617
18371644
18371670
18371710
18371711
18371754
18371761
18371764
18371773
18371774
18371776
18371778
18371781
18371788
18371790
18371796
18371811
18371815
18371828
18371832
18371833
18371848
18371851
18371866
18371870
18371876
18371881
18371952
18371984
18371998
18372049
18372055
18372070
18372072
18372093
18372096
18372107
18372122
18372137
18372160
18372165
18372184
18372222
18372237
18372248
18372254
18372277
18372278
18372284
18372293
18372310
18372312
18372319
18372325
18372408
18372417
18372438
18372477
18372487
18372547
18372548
18372562
18372572
18372582
18372651
18372656
18372675
18372678
18372697
18372749
18372758
18372774
18372814
18372823
18372830
18372861
18372900
18372921
18372927
18372928
18372934
18372937
18372945
18372988
18372991
18373000
18373002
18373007
18373018
18373027
18373057
18373101
18373118
18373158
18373169
18373171
18373227
18373286
18373294
18373304
18373317
18373319
18373412
18373420
18373440
18373520
18373616
18373693
18373735
18373760
18373769
18373866
18373867
18373870
18373882
18373908
18373949
18373953
18373977
18373993
18373996
18374060
18374082
18374086
18374108
18374124
18374145
18374146
18374185
18374189
18374194
18374209
18374211
18374221
18374232
18374237
18374256
18374296
18374306
18374324
18374325
18374351
18374356
18374379
18374438
18374475
18374522
18374702
18374811
18374844
18374854
18374863
18374898
18374932
18374936
18374945
18374947
18374956
18374965
18374996
18375016
18375024
18375033
18375054
18375060
18375074
18375091
18375095
18375102
18375107
18375114
18375117
18375168
18375172
18375183
18375184
18375187
18375190
18375191
18375201
18375204
18375207
18375232
18375234
18375245
18375412
18375417
18375423
18375432
18375434
18375461
18375463
18375471
18375474
18375502
18375534
18375560
18375574
18375576
18375578
18375588
18375596
18375602
18375615
18375632
18375644
18375663
18375684
18375695
18375766
18375769
18375782
18375785
18375790
18375804
18375837
18375843
18375846
18375847
18375894
18375940
18375945
18375949
18375960
18375969
18375976
18375987
18375994
18375997
18376041
18376043
18376054
18376077
18376081
18376086
18376089
18376098
18376107
18376123
18376124
18376177
18376188
18376195
18376225
18376259
18376272
18376304
18376349
18376382
18376397
18376464
18376483
18376505
18376513
18376519
18376522
18376591
18376613
18376632
18376638
18376668
18376690
18376702
18376711
18376729
18376737
18376740
18376744
18376755
18376766
18376775
18376778
18376790
18376791
18376811
18376830
18376837
18376870
18376892
18376896
18376951
18376985
18377005
18377013
18377027
18377031
18377032
18377052
18377062
18377071
18377078
18377085
18377094
18377113
18377154
18377220
18377251
18377270
18377272
18377286
18377299
18377313
18377314
18377330
18377332
18377341
18377343
18377349
18377425
18377541
18377552
18377561
18377567
18377600
18377601
18377676
18377687
18377704
18377708
18377714
18377715
18377725
18377735
18377752
18377755
18377756
18377757
18377758
18377759
18377770
18377773
18377777
18377778
18377780
18377786
18377793
18377807
18377829
18377830
18377832
18377836
18377838
18377850
18377862
18377865
18377869
18377878
18377880
18377884
18377888
18377924
18377938
18377963
18377966
18377971
18377993
18378006
18378009
18378015
18378043
18378053
18378058
18378174
18378187
18378218
18378220
18378278
18378280
18378281
18378282
18378482
18378493
18378540
18378541
18378559
18378562
18378587
18378588
18378591
18378593
18378606
18378641
18378662
18378799
18378895
18378897
18378907
18378976
18379206
18379234
18379313
18379334
18379340
18379348
18379368
18379410
18379423
18379425
18379433
18379483
18379487
18379593
18379594
18379639
18379720
18379740
18379801
18379808
18379824
18379827
18379831
18379834
18379837
18379859
18379862
18379967
18379975
18380068
18380192
18380205
18380211
18380223
18380269
18380291
18380312
18380334
18380408
18380435
18380454
18380463
18380473
18380474
18380521
18380549
18380553
18380615
18380616
18380619
18380624
18380653
18380720
18380741
18380758
18380760
18380806
18380812
18380815
18380817
18380836
18380846
18380868
18380885
18380927
18380940
18380943
18380952
18381033
18381053
18381082
18381093
18381114
18381125
18381126
18381133
18381147
18381149
18381151
18381152
18381166
18381179
18381187
18381197
18381212
18381220
18381227
18381228
18381252
18381294
18381309
18381319
18381321
18381333
18381336
18381338
18381358
18381379
18381404
18381472
18381491
18381499
18381532
18381544
18381556
18381602
18381652
18381670
18381718
18381726
18381738
18381758
18381766
18381778
18381789
18381804
18381809
18381816
18381844
18381845
18381852
18381853
18381872
18381878
18381886
18381965
18381974
18381976
18381996
18382055
18382060
18382061
18382062
18382069
18382082
18382093
18382098
18382116
18382179
18382228
18382231
18382237
18382244
18382249
18382271
18382274
18382280
18382282
18382312
18382321
18382333
18382340
18382341
18382351
18382361
18382363
18382368
18382372
18382387
18382398
18382426
18382435
18382468
18382490
18382545
18382551
18382560
18382574
18382585
18382602
18382611
18382624
18382625
18382636
18382641
18382651
18382748
18382817
18382828
18382838
18382839
18382842
18382852
18382867
18382871
18382886
18382904
18382990
18383019
18383043
18383048
18383080
18383087
18383091
18383100
18383107
18383134
18383137
18383138
18383146
18383148
18383159
18383160
18383162
18383167
18383254
18383267
18383268
18383298
18383306
18383307
18383331
18383343
18383358
18383373
18383397
18383398
18383412
18383415
18383422
18383428
18383434
18383435
18383436
18383446
18383470
18383498
18383513
18383515
18383527
18383540
18383548
18383582
18383583
18383588
18383605
18383613
18383627
18383637
18383649
18383651
18383656
18383659
18383660
18383688
18383734
18383756
18383760
18383762
18383771
18383795
18383876
18383900
18383923
18383931
18384222
18384312
18384483
18384550
18384559
18384571
18384572
18384682
18384770
18384872
18384964
18384982
18385024
18385190
18385228
18385231
18385274
18385285
18385295
18385446
18385538
18385572
18385590
18385608
18385635
18385642
18385680
18385683
18385687
18385693
18385694
18385699
18385708
18385717
18385720
18385723
18385728
18385736
18385742
18385743
18385818
18385854
18385868
18385872
18385878
18385882
18385894
18385921
18385933
18385941
18385948
18386033
18386058
18386068
18386069
18386070
18386072
18386087
18386089
18386104
18386106
18386115
18386116
18386121
18386146
18386179
18386236
18386262
18386274
18386276
18386278
18386293
18386308
18386317
18386320
18386326
18386338
18386350
18386405
18386439
18386443
18386472
18386473
18386478
18386479
18386483
18386486
18386522
18386580
18386601
18386633
18386637
18386651
18386653
18386656
18386676
18386680
18386726
18386755
18386829
18386830
18386845
18386854
18386858
18386878
18386889
18386893
18386900
18386958
18386965
18386989
18387013
18387020
18387024
18387025
18387039
18387059
18387064
18387066
18387113
18387140
18387141
18387157
18387169
18387171
18387182
18387190
18387204
18387292
18387315
18387316
18387323
18387335
18387341
18387342
18387347
18387348
18387443
18387448
18387468
18387469
18387472
18387481
18387486
18387489
18387508
18387567
18387586
18387589
18387593
18387601
18387608
18387612
18387614
18387616
18387622
18387631
18387658
18387666
18387667
18387682
18387686
18387703
18387714
18387753
18387756
18387759
18387760
18387763
18387765
18387778
18387779
18387786
18387789
18387790
18387791
18387793
18387795
18387802
18387805
18387809
18387810
18387817
18387818
18387819
18387823
18387825
18387833
18387835
18387842
18387844
18387867
18387889
18387898
18387921
18387927
18387943
18387944
18387945
18387950
18387971
18387979
18387980
18387985
18388009
18388011
18388013
18388014
18388016
18388018
18388025
18388034
18388039
18388041
18388045
18388054
18388060
18388061
18388065
18388066
18388072
18388073
18388079
18388081
18388082
18388086
18388087
18388090
18388098
18388101
18388105
18388137
18388152
18388154
18388183
18388189
18388206
18388246
18388250
18388340
18388360
18388361
18388378
18388436
18388449
18388453
18388455
18388464
18388514
18388550
18388553
18388586
18388591
18388594
18388606
18388622
18388629
18388639
18388642
18388646
18388662
18388666
18388695
18388698
18388699
18388702
18388705
18388709
18388711
18388715
18388725
18388756
18388777
18388783
18388792
18388793
18388795
18388796
18388805
18388807
18388811
18388812
18388814
18388822
18388824
18388827
18388828
18388841
18388843
18388875
18388895
18388909
18388993
18388999
18389003
18389004
18389006
18389009
18389083
18389137
18389200
18389206
18389210
18389211
18389219
18389303
18389360
18389363
18389368
18389392
18389423
18389446
18389466
18389503
18389518
18389611
18389675
18389676
18389687
18389696
18389773
18389779
18389787
18389816
18389830
18389932
18389954
18389981
18389994
18389999
18390036
18390062
18390066
18390089
18390117
18390121
18390125
18390143
18390181
18390224
18390289
18390316
18390338
18390354
18390382
18390424
18390425
18390442
18390464
18390493
18390501
18390514
18390523
18390555
18390561
18390614
18390640
18390665
18390725
18390727
18390731
18390757
18390783
18390806
18390811
18390817
18390865
18390899
18390903
18390907
18390914
18390934
18390940
18390968
18390993
18390998
18391011
18391055
18391066
18391101
18391108
18391124
18391136
18391146
18391180
18391209
18391272
18391287
18391329
18391335
18391346
18391405
18391415
18391426
18391437
18391443
18391521
18391599
18391610
18391634
18391657
18391706
18391711
18391715
18391727
18391729
18391734
18391816
18391836
18391855
18391866
18391867
18391894
18391897
18391906
18391965
18391982
18391994
18392032
18392081
18392083
18392086
18392092
18392102
18392119
18392133
18392150
18392164
18392221
18392264
18392292
18392330
18392352
18392390
18392396
18392425
18392435
18392438
18392456
18392474
18392578
18392579
18392589
18392599
18392630
18392645
18392656
18392666
18392694
18392696
18392699
18392702
18392722
18392736
18392738
18392740
18392752
18392778
18392786
18392813
18392825
18392832
18392855
18392856
18392895
18392907
18392919
18392959
18392972
18392992
18393013
18393042
18393053
18393077
18393150
18393206
18393237
18393286
18393375
18393384
18393414
18393434
18393436
18393471
18393477
18393479
18393634
18393660
18393665
18393668
18393672
18393687
18393705
18393712
18393725
18393735
18393774
18393785
18393860
18393866
18393873
18394000
18394002
18394027
18394132
18394179
18394181
18394190
18394197
18394209
18394218
18394237
18394260
18394323
18394341
18394352
18394357
18394375
18394393
18394543
18394579
18394582
18394617
18394618
18394671
18394673
18394676
18394718
18394728
18394830
18394840
18394872
18394903
18394940
18394948
18394951
18394953
18394955
18394979
18395013
18395023
18395032
18395068
18395096
18395116
18395128
18395151
18395161
18395166
18395167
18395251
18395264
18395293
18395305
18395310
18395315
18395316
18395317
18395318
18395321
18395326
18395328
18395337
18395347
18395353
18395369
18395371
18395391
18395399
18395401
18395425
18395429
18395430
18395455
18395456
18395542
18395607
18395611
18395628
18395674
18395692
18395699
18395713
18395716
18395718
18395720
18395727
18395730
18395731
18395736
18395742
18395752
18395753
18395757
18395759
18395770
18395793
18395798
18395817
18395827
18395832
18395833
18395843
18395891
18395902
18395917
18395936
18395952
18395954
18395989
18395996
18396001
18396019
18396026
18396029
18396033
18396076
18396084
18396089
18396091
18396093
18396101
18396108
18396113
18396122
18396128
18396144
18396147
18396153
18396167
18396169
18396189
18396194
18396200
18396224
18396257
18396308
18396416
18396420
18396430
18396435
18396441
18396447
18396467
18396468
18396470
18396474
18396493
18396513
18396552
18396555
18396568
18396588
18396592
18396614
18396661
18396671
18396672
18396681
18396682
18396684
18396709
18396719
18396729
18396736
18396745
18396775
18396795
18396797
18396848
18396856
18396869
18396887
18396889
18396894
18396900
18396908
18396919
18396923
18396930
18396935
18396957
18396965
18397008
18397043
18397058
18397079
18397140
18397169
18397176
18397193
18397197
18397205
18397206
18397255
18397267
18397275
18397282
18397285
18397291
18397294
18397299
18397306
18397309
18397317
18397331
18397342
18397349
18397354
18397356
18397370
18397374
18397376
18397386
18397418
18397432
18397435
18397440
18397442
18397484
18397511
18397517
18397561
18397572
18397623
18397625
18397631
18397666
18397689
18397695
18397783
18397785
18397825
18397826
18397847
18397848
18397859
18397861
18397863
18397886
18397889
18397896
18397897
18397898
18397931
18397932
18397934
18397941
18397945
18397961
18397973
18398020
18398023
18398052
18398053
18398100
18398109
18398110
18398117
18398135
18398176
18398190
18398219
18398295
18398302
18398308
18398313
18398318
18398320
18398355
18398369
18398384
18398391
18398405
18398411
18398484
18398519
18398555
18398581
18398628
18398635
18398639
18398641
18398661
18398687
18398716
18398726
18398775
18398793
18398810
18398812
18398815
18398823
18398843
18398846
18398852
18398853
18398874
18398881
18398893
18398900
18398926
18398929
18398961
18398998
18399019
18399048
18399052
18399073
18399096
18399130
18399133
18399135
18399181
18399202
18399203
18399220
18399227
18399250
18399261
18399290
18399300
18399322
18399363
18399366
18399412
18399429
18399518
18399605
18399619
18399641
18399717
18399758
18399779
18399810
18399812
18399822
18399829
18399846
18399850
18399936
18399953
18399968
18399969
18400004
18400043
18400224
18400228
18400265
18400293
18400314
18400391
18400393
18400402
18400416
18400430
18400446
18400460
18400470
18400475
18400480
18400488
18400497
18400499
18400503
18400521
18400525
18400532
18400540
18400601
18400618
18400707
18400709
18400762
18400785
18400791
18400799
18400820
18400836
18400880
18400892
18400904
18400934
18400937
18400961
18401053
18401055
18401069
18401108
18401142
18401226
18401253
18401273
18401287
18401305
18401353
18401385
18401414
18401416
18401417
18401419
18401425
18401437
18401455
18401544
18401550
18401556
18401561
18401582
18401596
18401609
18401616
18401622
18401644
18401650
18401651
18401661
18401676
18401680
18401694
18401711
18401713
18401721
18401747
18401774
18401836
18401883
18401906
18401911
18401915
18401928
18401950
18401956
18401961
18401963
18401989
18401993
18402038
18402072
18402080
18402111
18402147
18402151
18402194
18402204
18402234
18402257
18402265
18402266
18402271
18402276
18402278
18402295
18402297
18402358
18402395
18402407
18402409
18402440
18402449
18402451
18402453
18402458
18402468
18402473
18402476
18402492
18402497
18402503
18402545
18402556
18402563
18402572
18402578
18402670
18402707
18402714
18402739
18402749
18402753
18402759
18402772
18402774
18402782
18402794
18402802
18402858
18402977
18402991
18403000
18403004
18403027
18403037
18403092
18403108
18403123
18403190
18403204
18403222
18403232
18403260
18403316
18403331
18403334
18403337
18403339
18403349
18403368
18403377
18403383
18403388
18403399
18403401
18403403
18403408
18403411
18403412
18403421
18403423
18403441
18403470
18403474
18403481
18403505
18403536
18403548
18403555
18403585
18403605
18403620
18403637
18403653
18403690
18403702
18403720
18403723
18403730
18403746
18403758
18403787
18403788
18403795
18403854
18403862
18403871
18403875
18403877
18403879
18403896
18403902
18403915
18403923
18403924
18403926
18403927
18403929
18403944
18403949
18403950
18403951
18404033
18404039
18404054
18404064
18404079
18404095
18404096
18404121
18404145
18404153
18404187
18404190
18404444
18404497
18404503
18404514
18404588
18404591
18404595
18404601
18404608
18404619
18404631
18404639
18404754
18404768
18404799
18404801
18404836
18404842
18404846
18404888
18404899
18404946
18404966
18404990
18405004
18405010
18405022
18405030
18405081
18405083
18405084
18405098
18405117
18405165
18405210
18405228
18405296
18405300
18405333
18405340
18405345
18405353
18405369
18405376
18405385
18405396
18405401
18405415
18405420
18405501
18405518
18405534
18405547
18405617
18405642
18405754
18405769
18405808
18405828
18405843
18405850
18405891
18405909
18405921
18405959
18405962
18405964
18405969
18406033
18406042
18406111
18406143
18406198
18406212
18406245
18406268
18406280
18406283
18406284
18406292
18406293
18406296
18406306
18406308
18406316
18406363
18406390
18406404
18406417
18406427
18406429
18406434
18406443
18406447
18406453
18406464
18406468
18406471
18406483
18406542
18406546
18406576
18406598
18406606
18406611
18406636
18406649
18406693
18406702
18406749
18406762
18406771
18406795
18406825
18406851
18406853
18406889
18406905
18406907
18406908
18406920
18406925
18406928
18406935
18406938
18406966
18406982
18406984
18407028
18407044
18407074
18407076
18407083
18407093
18407105
18407116
18407122
18407180
18407185
18407188
18407217
18407224
18407226
18407237
18407241
18407258
18407260
18407271
18407272
18407275
18407279
18407296
18407309
18407337
18407341
18407369
18407396
18407426
18407436
18407444
18407446
18407454
18407462
18407463
18407478
18407498
18407528
18407541
18407546
18407575
18407602
18407609
18407616
18407618
18407632
18407641
18407662
18407665
18407670
18407675
18407679
18407680
18407681
18407683
18407686
18407689
18407704
18407706
18407708
18407712
18407716
18407718
18407719
18407720
18407723
18407729
18407731
18407738
18407749
18407794
18407798
18407857
18407863
18407875
18407879
18407902
18407910
18407918
18407942
18407945
18407960
18407974
18407979
18407981
18408010
18408013
18408042
18408050
18408058
18408065
18408070
18408097
18408098
18408104
18408106
18408112
18408113
18408115
18408131
18408135
18408141
18408143
18408153
18408159
18408162
18408167
18408174
18408178
18408181
18408196
18408200
18408232
18408314
18408331
18408337
18408363
18408365
18408369
18408371
18408373
18408377
18408417
18408440
18408450
18408475
18408478
18408503
18408535
18408546
18408547
18408555
18408559
18408564
18408572
18408573
18408590
18408610
18408611
18408631
18408637
18408647
18408700
18408701
18408712
18408717
18408719
18408821
18408830
18408851
18408852
18408868
18408871
18408884
18408900
18408940
18408977
18408983
18409003
18409015
18409021
18409025
18409035
18409038
18409041
18409054
18409057
18409060
18409063
18409066
18409073
18409080
18409086
18409089
18409112
18409117
18409127
18409128
18409140
18409152
18409156
18409158
18409174
18409191
18409203
18409210
18409221
18409228
18409246
18409247
18409250
18409252
18409253
18409257
18409258
18409263
18409285
18409292
18409303
18409311
18409342
18409345
18409377
18409439
18409447
18409456
18409461
18409502
18409503
18409524
18409529
18409547
18409548
18409549
18409551
18409570
18409583
18409596
18409600
18409641
18409670
18409736
18409738
18409739
18409740
18409741
18409744
18409745
18409755
18409762
18409774
18409789
18409795
18409797
18409859
18409876
18409896
18409931
18409991
18410000
18410036
18410051
18410055
18410134
18410170
18410171
18410174
18410192
18410205
18410211
18410339
18410349
18410400
18410430
18410444
18410448
18410452
18410453
18410458
18410470
18410475
18410476
18410502
18410517
18410540
18410543
18410563
18410567
18410570
18410575
18410578
18410587
18410591
18410596
18410612
18410627
18410631
18410642
18410644
18410645
18410647
18410659
18410660
18410665
18410671
18410672
18410674
18410675
18410682
18410688
18410698
18410728
18410760
18410779
18410809
18410810
18410828
18410839
18410861
18410889
18410908
18410917
18410922
18410933
18410948
18410958
18410961
18410969
18410974
18410982
18410983
18410986
18410992
18410998
18411014
18411030
18411040
18411082
18411084
18411095
18411102
18411157
18411161
18411171
18411184
18411216
18411239
18411242
18411247
18411258
18411271
18411276
18411280
18411326
18411329
18411333
18411364
18411369
18411375
18411391
18411408
18411411
18411479
18411538
18411548
18411566
18411625
18411656
18411689
18411720
18411722
18411724
18411732
18411818
18411826
18411841
18411851
18411861
18411868
18411936
18411938
18411953
18411973
18411986
18411994
18412003
18412022
18412041
18412090
18412117
18412183
18412191
18412204
18412215
18412229
18412232
18412239
18412240
18412268
18412273
18412292
18412308
18412405
18412431
18412450
18412455
18412470
18412477
18412479
18412485
18412489
18412535
18412540
18412547
18412598
18412623
18412625
18412632
18412654
18412655
18412667
18412685
18412686
18412689
18412716
18412728
18412741
18412742
18412747
18412764
18412869
18412921
18413013
18413017
18413021
18413044
18413070
18413078
18413113
18413124
18413126
18413197
18413210
18413280
18413408
18413420
18413435
18413446
18413449
18413453
18413480
18413493
18413507
18413517
18413533
18413545
18413559
18413582
18413589
18413594
18413604
18413612
18413614
18413621
18413635
18413663
18413702
18413720
18413726
18413757
18413792
18413807
18413821
18413856
18413867
18413869
18413872
18413886
18413894
18413897
18413908
18413911
18413914
18413917
18413919
18413932
18413939
18413955
18413961
18414056
18414075
18414085
18414105
18414109
18414127
18414139
18414143
18414148
18414150
18414160
18414166
18414170
18414172
18414175
18414186
18414193
18414198
18414200
18414203
18414209
18414221
18414238
18414245
18414247
18414252
18414271
18414287
18414331
18414343
18414365
18414385
18414391
18414450
18414456
18414473
18414483
18414488
18414502
18414521
18414523
18414535
18414538
18414558
18414562
18414572
18414581
18414589
18414597
18414603
18414621
18414629
18414669
18414679
18414706
18414715
18414716
18414751
18414752
18414765
18414769
18414770
18414774
18414777
18414782
18414795
18414808
18414825
18414829
18414842
18414847
18414970
18414986
18415017
18415033
18415049
18415054
18415061
18415067
18415069
18415078
18415086
18415100
18415106
18415109
18415133
18415150
18415162
18415173
18415182
18415185
18415192
18415193
18415202
18415250
18415274
18415280
18415294
18415314
18415316
18415336
18415367
18415380
18415384
18415391
18415410
18415414
18415418
18415435
18415446
18415454
18415479
18415480
18415487
18415491
18415506
18415509
18415519
18415528
18415561
18415584
18415612
18415634
18415665
18415669
18415677
18415683
18415726
18415741
18415753
18415754
18415758
18415759
18415764
18415766
18415771
18415773
18415781
18415785
18415789
18415799
18415801
18415805
18415811
18415815
18415821
18415823
18415849
18415853
18415861
18415891
18415942
18415956
18415964
18415967
18415971
18415987
18415993
18415999
18416012
18416014
18416021
18416032
18416061
18416063
18416094
18416098
18416100
18416104
18416106
18416108
18416114
18416123
18416126
18416131
18416143
18416180
18416188
18416221
18416230
18416246
18416250
18416252
18416257
18416273
18416279
18416290
18416321
18416324
18416329
18416340
18416347
18416351
18416388
18416407
18416410
18416417
18416421
18416422
18416452
18416471
18416485
18416505
18416523
18416539
18416547
18416595
18416615
18416616
18416618
18416620
18416621
18416623
18416633
18416652
18416686
18416698
18416709
18416710
18416713
18416719
18416756
18416772
18416784
18416824
18416826
18416833
18416837
18416839
18416877
18416881
18416889
18416890
18416895
18416900
18416905
18416911
18416918
18416920
18416926
18416955
18416993
18417024
18417027
18417062
18417065
18417074
18417081
18417085
18417099
18417111
18417144
18417155
18417186
18417207
18417250
18417257
18417381
18417412
18417460
18417483
18417494
18417554
18417595
18417604
18417626
18417641
18417667
18417671
18417679
18417681
18417699
18417729
18417740
18417774
18417775
18417778
18417786
18417788
18417790
18417798
18417813
18417816
18417819
18417821
18417823
18417824
18417842
18417846
18417877
18417882
18417897
18417905
18417911
18417923
18417932
18417958
18417977
18417998
18418000
18418013
18418030
18418057
18418118
18418158
18418246
18418287
18418313
18418317
18418318
18418324
18418336
18418349
18418362
18418366
18418392
18418396
18418401
18418407
18418411
18418420
18418422
18418432
18418434
18418436
18418441
18418444
18418475
18418477
18418482
18418483
18418491
18418492
18418496
18418497
18418543
18418556
18418557
18418562
18418565
18418566
18418571
18418577
18418579
18418583
18418587
18418588
18418590
18418593
18418594
18418601
18418603
18418604
18418605
18418606
18418607
18418611
18418622
18418629
18418630
18418633
18418634
18418686
18418696
18418698
18418724
18418728
18418730
18418735
18418736
18418744
18418754
18418759
18418777
18418800
18418812
18418823
18418830
18418835
18418842
18418844
18418851
18418868
18418873
18418879
18418884
18418890
18418905
18418915
18418918
18418921
18418971
18419057
18419149
18419177
18419207
18419214
18419220
18419242
18419256
18419264
18419265
18419276
18419283
18419292
18419297
18419311
18419337
18419344
18419387
18419393
18419394
18419434
18419440
18419448
18419455
18419480
18419486
18419490
18419493
18419496
18419526
18419528
18419566
18419632
18419645
18419652
18419673
18419678
18419690
18419702
18419731
18419741
18419747
18419757
18419760
18419771
18419777
18419787
18419791
18419794
18419796
18419797
18419806
18419931
18419953
18419964
18419975
18419977
18419993
18420034
18420075
18420120
18420127
18420154
18420160
18420215
18420229
18420249
18420251
18420256
18420257
18420303
18420374
18420433
18420468
18420483
18420507
18420533
18420550
18420564
18420572
18420594
18420609
18420615
18420625
18420627
18420629
18420633
18420635
18420638
18420641
18420642
18420643
18420647
18420652
18420655
18420660
18420673
18420745
18420766
18420773
18420839
18420855
18420869
18420872
18420898
18420920
18420932
18420936
18420950
18420954
18420958
18420960
18420963
18420965
18420977
18420982
18420983
18420988
18420990
18420992
18421000
18421003
18421008
18421012
18421016
18421020
18421022
18421028
18421029
18421076
18421083
18421090
18421095
18421102
18421122
18421127
18421142
18421145
18421180
18421197
18421213
18421280
18421283
18421328
18421335
18421339
18421344
18421346
18421376
18421379
18421494
18421507
18421541
18421561
18421592
18421597
18421598
18421610
18421620
18421630
18421631
18421635
18421638
18421655
18421661
18421665
18421666
18421668
18421671
18421679
18421686
18421693
18421705
18421706
18421707
18421710
18421712
18421718
18421739
18421747
18421754
18421786
18421796
18421807
18421819
18421827
18421839
18421871
18421889
18421899
18421915
18421924
18421969
18421980
18422015
18422030
18422054
18422055
18422065
18422075
18422077
18422082
18422086
18422096
18422110
18422131
18422141
18422162
18422167
18422203
18422210
18422246
18422253
18422267
18422311
18422312
18422314
18422328
18422331
18422332
18422344
18422369
18422371
18422376
18422384
18422387
18422390
18422403
18422430
18422447
18422474
18422486
18422498
18422566
18422574
18422584
18422591
18422618
18422647
18422667
18422668
18422672
18422677
18422681
18422695
18422708
18422719
18422724
18422755
18422767
18422784
18422818
18422822
18422825
18422839
18422846
18422861
18422865
18422957
18422963
18422970
18422998
18423001
18423007
18423011
18423013
18423018
18423019
18423022
18423034
18423036
18423037
18423039
18423044
18423053
18423065
18423077
18423079
18423085
18423086
18423091
18423092
18423102
18423115
18423128
18423159
18423234
18423241
18423248
18423249
18423251
18423263
18423274
18423296
18423308
18423315
18423317
18423337
18423344
18423356
18423390
18423404
18423431
18423434
18423443
18423451
18423460
18423461
18423467
18423471
18423473
18423475
18423476
18423483
18423485
18423489
18423492
18423493
18423503
18423505
18423509
18423538
18423550
18423557
18423560
18423561
18423562
18423580
18423592
18423597
18423607
18423612
18423622
18423623
18423630
18423641
18423645
18423651
18423653
18423656
18423667
18423687
18423690
18423698
18423701
18423703
18423766
18423772
18423774
18423788
18423807
18423836
18423837
18423841
18423842
18423846
18423848
18423855
18423857
18423858
18423865
18423894
18423896
18423904
18423908
18423911
18423912
18423927
18423929
18423969
18423974
18423977
18423981
18423985
18423989
18423994
18424004
18424007
18424008
18424010
18424014
18424036
18424101
18424166
18424216
18424235
18424238
18424240
18424247
18424262
18424271
18424277
18424290
18424313
18424331
18424341
18424389
18424397
18424402
18424407
18424417
18424427
18424434
18424444
18424457
18424467
18424500
18424502
18424507
18424555
18424568
18424598
18424616
18424635
18424642
18424666
18424693
18424702
18424717
18424718
18424720
18424729
18424772
18424855
18424863
18424909
18424910
18424913
18424921
18425029
18425048
18425063
18425064
18425091
18425103
18425104
18425137
18425232
18425247
18425281
18425286
18425298
18425309
18425358
18425393
18425397
18425402
18425433
18425441
18425445
18425449
18425452
18425460
18425465
18425466
18425470
18425475
18425476
18425480
18425483
18425484
18425487
18425492
18425498
18425499
18425507
18425509
18425535
18425537
18425538
18425541
18425548
18425553
18425554
18425557
18425650
18425729
18425770
18425797
18425817
18425818
18425862
18425886
18425908
18425910
18425926
18425942
18425961
18425962
18425993
18426000
18426006
18426048
18426052
18426079
18426115
18426118
18426158
18426204
18426208
18426210
18426219
18426222
18426227
18426232
18426233
18426249
18426255
18426256
18426261
18426285
18426288
18426291
18426300
18426350
18426397
18426399
18426400
18426401
18426405
18426411
18426415
18426419
18426424
18426435
18426436
18426441
18426455
18426459
18426462
18426465
18426470
18426532
18426551
18426559
18426609
18426625
18426667
18426669
18426671
18426672
18426687
18426711
18426725
18426787
18426856
18426884
18426888
18426889
18426893
18426903
18426907
18426917
18426918
18426920
18426934
18426935
18426949
18426956
18426963
18427012
18427044
18427057
18427084
18427105
18427107
18427125
18427133
18427158
18427173
18427185
18427190
18427192
18427202
18427254
18427259
18427266
18427270
18427304
18427323
18427331
18427338
18427345
18427347
18427403
18427407
18427410
18427413
18427419
18427428
18427433
18427434
18427436
18427439
18427440
18427444
18427446
18427448
18427450
18427453
18427457
18427458
18427467
18427473
18427479
18427487
18427497
18427498
18427501
18427512
18427519
18427527
18427538
18427552
18427557
18427558
18427569
18427602
18427616
18427652
18427674
18427677
18427679
18427693
18427697
18427795
18427799
18427806
18427814
18427817
18427827
18427832
18427848
18427850
18427851
18427870
18427873
18427874
18427880
18427881
18427921
18427967
18427983
18427999
18428011
18428017
18428019
18428023
18428030
18428038
18428046
18428051
18428053
18428054
18428055
18428062
18428073
18428075
18428166
18428184
18428191
18428193
18428198
18428202
18428206
18428219
18428222
18428226
18428250
18428267
18428291
18428312
18428327
18428328
18428344
18428347
18428359
18428371
18428491
18428494
18428509
18428514
18428528
18428534
18428538
18428543
18428546
18428551
18428552
18428553
18428570
18428571
18428572
18428573
18428577
18428602
18428605
18428606
18428615
18428619
18428621
18428627
18428628
18428632
18428654
18428659
18428684
18428686
18428722
18428762
18428790
18428860
18428868
18428884
18428903
18428906
18428907
18428912
18428913
18428928
18428941
18428983
18428985
18428989
18428999
18429003
18429012
18429015
18429020
18429073
18429116
18429117
18429122
18429126
18429131
18429134
18429137
18429140
18429144
18429148
18429155
18429184
18429188
18429195
18429229
18429267
18429268
18429270
18429273
18429274
18429276
18429279
18429280
18429282
18429289
18429290
18429294
18429364
18429388
18429393
18429405
18429412
18429425
18429432
18429438
18429446
18429454
18429460
18429461
18429462
18429464
18429494
18429495
18429497
18429500
18429502
18429512
18429513
18429516
18429519
18429521
18429527
18429528
18429533
18429554
18429568
18429573
18429595
18429608
18429612
18429613
18429614
18429624
18429628
18429639
18429669
18429675
18429700
18429709
18429719
18429729
18429738
18429783
18429786
18429790
18429798
18429802
18429805
18429807
18429809
18429813
18429837
18429844
18429846
18429874
18429946
18429955
18429962
18429971
18429978
18429979
18429982
18429989
18429992
18429999
18430009
18430012
18430023
18430097
18430106
18430107
18430108
18430114
18430116
18430128
18430153
18430161
18430199
18430218
18430222
18430231
18430245
18430261
18430283
18430285
18430292
18430302
18430303
18430305
18430345
18430364
18430374
18430376
18430377
18430378
18430379
18430380
18430381
18430390
18430531
18430550
18430595
18430597
18430616
18430619
18430623
18430629
18430633
18430661
18430673
18430699
18430822
18430856
18430888
18430899
18430926
18430929
18430937
18430962
18430969
18430973
18430993
18431051
18431056
18431069
18431102
18431106
18431108
18431128
18431148
18431175
18431222
18431223
18431233
18431265
18431270
18431277
18431299
18431312
18431344
18431371
18431384
18431396
18431401
18431410
18431429
18431438
18431479
18431507
18431537
18431544
18431556
18431562
18431610
18431638
18431694
18431714
18431720
18431729
18431744
18431778
18431790
18431799
18431812
18431814
18431819
18431826
18431834
18431857
18431871
18431902
18431904
18431925
18431947
18431960
18431964
18431981
18432039
18432041
18432052
18432054
18432056
18432066
18432070
18432071
18432082
18432106
18432112
18432117
18432137
18432149
18432157
18432169
18432193
18432252
18432258
18432299
18432305
18432319
18432346
18432349
18432354
18432376
18432394
18432400
18432420
18432423
18432446
18432449
18432457
18432467
18432470
18432472
18432481
18432482
18432498
18432506
18432507
18432513
18432543
18432548
18432549
18432573
18432624
18432630
18432641
18432686
18432701
18432736
18432825
18432854
18432858
18432870
18432892
18432903
18432915
18432925
18433005
18433039
18433048
18433050
18433052
18433056
18433071
18433092
18433129
18433149
18433170
18433180
18433194
18433215
18433229
18433234
18433238
18433241
18433246
18433251
18433268
18433270
18433278
18433289
18433348
18433381
18433391
18433394
18433412
18433418
18433422
18433455
18433463
18433476
18433482
18433490
18433498
18433499
18433510
18433530
18433539
18433547
18433549
18433561
18433568
18433573
18433577
18433579
18433585
18433590
18433616
18433624
18433635
18433710
18433770
18433807
18433812
18433851
18433937
18433938
18433969
18433986
18433987
18433994
18434003
18434006
18434077
18434081
18434121
18434157
18434180
18434187
18434195
18434206
18434213
18434255
18434268
18434286
18434295
18434300
18434307
18434314
18434316
18434329
18434332
18434343
18434359
18434361
18434378
18434381
18434387
18434418
18434443
18434446
18434469
18434490
18434577
18434580
18434629
18434736
18434737
18434740
18434762
18434763
18434765
18434785
18434787
18434804
18434828
18434833
18434844
18434858
18434874
18434904
18434997
18435006
18435021
18435037
18435049
18435071
18435121
18435135
18435149
18435166
18435184
18435210
18435219
18435220
18435222
18435237
18435242
18435255
18435269
18435282
18435313
18435356
18435360
18435421
18435442
18435472
18435494
18435508
18435509
18435519
18435520
18435525
18435539
18435544
18435546
18435563
18435586
18435589
18435608
18435611
18435625
18435629
18435634
18435650
18435652
18435656
18435663
18435680
18435681
18435682
18435690
18435704
18435714
18435743
18435771
18435876
18435918
18435925
18435926
18435927
18435929
18435930
18435939
18435944
18435946
18435952
18435959
18435963
18435966
18435968
18435972
18435980
18435991
18436000
18436001
18436008
18436024
18436025
18436028
18436029
18436072
18436081
18436088
18436089
18436107
18436127
18436135
18436137
18436183
18436208
18436231
18436241
18436269
18436270
18436284
18436286
18436288
18436290
18436293
18436296
18436302
18436303
18436304
18436311
18436313
18436316
18436332
18436336
18436340
18436344
18436359
18436365
18436368
18436372
18436398
18436403
18436406
18436410
18436411
18436415
18436417
18436418
18436421
18436449
18436463
18436472
18436496
18436518
18436525
18436527
18436545
18436551
18436554
18436564
18436571
18436576
18436579
18436582
18436583
18436600
18436601
18436602
18436605
18436606
18436610
18436615
18436624
18436627
18436630
18436644
18436647
18436649
18436656
18436667
18436731
18436751
18436762
18436785
18436789
18436793
18436815
18436820
18436840
18436849
18436860
18436862
18436863
18436866
18436874
18436879
18436896
18436900
18436901
18436903
18436910
18436923
18436939
18436949
18436958
18436968
18436970
18436972
18436974
18436982
18436984
18436986
18436987
18437019
18437025
18437054
18437062
18437066
18437078
18437080
18437083
18437102
18437107
18437108
18437115
18437120
18437121
18437126
18437129
18437131
18437134
18437144
18437148
18437153
18437159
18437161
18437165
18437166
18437169
18437176
18437185
18437194
18437199
18437204
18437206
18437208
18437216
18437240
18437242
18437245
18437251
18437252
18437262
18437278
18437289
18437303
18437306
18437324
18437327
18437329
18437340
18437342
18437344
18437349
18437359
18437363
18437402
18437403
18437413
18437417
18437420
18437421
18437428
18437429
18437434
18437441
18437447
18437465
18437489
18437492
18437498
18437510
18437513
18437520
18437553
18437561
18437566
18437579
18437581
18437590
18437595
18437601
18437604
18437607
18437610
18437616
18437623
18437652
18437670
18437679
18437681
18437716
18437728
18437740
18437759
18437796
18437811
18437838
18437853
18437855
18437874
18437877
18437878
18437884
18437886
18437892
18437893
18437894
18437897
18437899
18437908
18437911
18437925
18437931
18437938
18437958
18437968
18437992
18437997
18438000
18438023
18438045
18438091
18438097
18438104
18438165
18438179
18438187
18438209
18438228
18438236
18438244
18438257
18438287
18438306
18438325
18438353
18438385
18438425
18438466
18438470
18438520
18438526
18438527
18438533
18438541
18438543
18438544
18438548
18438549
18438550
18438553
18438554
18438558
18438589
18438617
18438625
18438626
18438629
18438635
18438647
18438651
18438652
18438729
18438732
18438738
18438739
18438758
18438774
18438796
18438851
18438859
18438868
18438877
18438886
18438897
18438903
18438908
18438909
18438940
18438963
18438982
18438983
18438990
18438995
18438999
18439015
18439064
18439082
18439091
18439102
18439105
18439115
18439117
18439119
18439123
18439128
18439130
18439131
18439149
18439163
18439177
18439182
18439191
18439193
18439195
18439199
18439205
18439212
18439234
18439238
18439267
18439277
18439282
18439294
18439296
18439302
18439305
18439326
18439361
18439379
18439384
18439391
18439396
18439408
18439417
18439421
18439426
18439456
18439458
18439471
18439477
18439484
18439494
18439496
18439500
18439533
18439557
18439560
18439574
18439589
18439590
18439605
18439616
18439623
18439628
18439637
18439639
18439650
18439666
18439698
18439733
18439737
18439741
18439744
18439769
18439771
18439808
18439923
18439927
18439931
18439932
18439954
18439969
18439971
18439993
18439994
18440053
18440076
18440085
18440091
18440113
18440115
18440134
18440189
18440197
18440202
18440204
18440244
18440254
18440263
18440274
18440309
18440317
18440341
18440343
18440359
18440363
18440369
18440374
18440386
18440389
18440433
18440496
18440530
18440535
18440539
18440540
18440554
18440555
18440613
18440640
18440656
18440669
18440677
18440732
18440740
18440742
18440768
18440797
18440803
18440811
18440819
18440823
18440837
18440840
18440852
18440908
18440918
18440940
18440946
18440954
18440956
18440963
18440967
18440971
18440976
18440983
18440984
18440991
18441000
18441008
18441014
18441015
18441017
18441027
18441032
18441041
18441042
18441045
18441084
18441087
18441113
18441120
18441157
18441163
18441173
18441174
18441183
18441187
18441216
18441221
18441269
18441270
18441316
18441326
18441342
18441344
18441369
18441376
18441407
18441417
18441446
18441461
18441472
18441481
18441482
18441490
18441522
18441526
18441544
18441554
18441556
18441558
18441568
18441570
18441573
18441579
18441586
18441591
18441620
18441632
18441672
18441673
18441707
18441716
18441721
18441724
18441731
18441732
18441733
18441739
18441740
18441741
18441745
18441749
18441750
18441759
18441777
18441782
18441784
18441790
18441802
18441804
18441810
18441817
18441822
18441830
18441833
18441836
18441841
18441850
18441851
18441852
18441854
18441858
18441871
18441887
18441890
18441893
18441910
18441915
18441946
18441958
18441959
18441966
18441971
18441990
18442006
18442009
18442011
18442018
18442027
18442033
18442039
18442042
18442046
18442048
18442050
18442060
18442066
18442093
18442106
18442113
18442114
18442117
18442119
18442123
18442125
18442130
18442142
18442164
18442165
18442169
18442179
18442181
18442182
18442194
18442205
18442216
18442220
18442224
18442278
18442285
18442304
18442307
18442310
18442319
18442364
18442372
18442397
18442448
18442479
18442514
18442520
18442532
18442544
18442556
18442563
18442657
18442686
18442696
18442725
18442805
18442811
18442818
18442825
18442826
18442828
18442834
18442838
18442840
18442854
18442865
18442870
18442882
18442885
18442888
18442889
18442892
18442899
18442915
18442916
18442923
18442925
18442927
18442929
18442940
18442944
18442950
18442951
18442952
18442959
18442973
18443012
18443042
18443069
18443080
18443106
18443150
18443157
18443162
18443175
18443178
18443179
18443185
18443191
18443208
18443211
18443214
18443222
18443223
18443229
18443230
18443233
18443258
18443259
18443264
18443268
18443270
18443294
18443301
18443308
18443311
18443313
18443315
18443351
18443369
18443381
18443396
18443399
18443406
18443438
18443446
18443447
18443448
18443449
18443452
18443487
18443495
18443511
18443512
18443514
18443525
18443527
18443538
18443544
18443552
18443557
18443559
18443562
18443583
18443693
18443695
18443707
18443709
18443720
18443732
18443735
18443754
18443761
18443764
18443765
18443768
18443770
18443774
18443789
18443797
18443800
18443827
18443893
18443924
18443937
18443947
18443982
18443992
18444037
18444047
18444049
18444060
18444064
18444066
18444074
18444091
18444180
18444182
18444184
18444188
18444199
18444208
18444220
18444240
18444244
18444254
18444260
18444261
18444265
18444269
18444271
18444282
18444286
18444299
18444317
18444332
18444347
18444382
18444383
18444384
18444385
18444387
18444410
18444417
18444420
18444421
18444423
18444433
18444446
18444451
18444458
18444459
18444460
18444467
18444470
18444478
18444494
18444501
18444503
18444508
18444513
18444515
18444517
18444520
18444524
18444550
18444666
18444677
18444691
18444700
18444701
18444703
18444708
18444721
18444764
18444772
18444774
18444780
18444781
18444804
18444806
18444810
18444813
18444829
18444831
18444833
18444834
18444836
18444838
18444839
18444840
18444845
18444847
18444850
18444852
18444853
18444863
18444876
18444877
18444956
18444999
18445003
18445007
18445009
18445018
18445024
18445036
18445177
18445235
18445237
18445245
18445247
18445255
18445354
18445445
18445492
18445545
18445551
18445556
18445588
18445626
18445642
18445689
18445731
18445752
18445776
18445837
18445861
18445878
18445887
18445946
18445976
18445994
18446002
18446005
18446029
18446054
18446074
18446091
18446107
18446115
18446119
18446122
18446136
18446162
18446176
18446201
18446209
18446214
18446239
18446258
18446322
18446354
18446369
18446381
18446402
18446411
18446446
18446449
18446450
18446463
18446468
18446509
18446532
18446533
18446564
18446626
18446636
18446672
18446677
18446698
18446729
18446779
18446787
18446846
18446852
18446856
18446857
18446862
18446873
18446877
18446917
18446928
18446954
18446980
18446996
18447020
18447032
18447044
18447058
18447084
18447088
18447106
18447118
18447137
18447148
18447168
18447186
18447248
18447287
18447292
18447320
18447326
18447333
18447359
18447368
18447373
18447378
18447387
18447390
18447393
18447397
18447407
18447409
18447414
18447422
18447424
18447428
18447434
18447442
18447449
18447466
18447467
18447468
18447471
18447473
18447503
18447510
18447515
18447569
18447572
18447578
18447588
18447597
18447609
18447610
18447618
18447621
18447627
18447629
18447632
18447635
18447636
18447647
18447648
18447649
18447667
18447675
18447685
18447693
18447705
18447706
18447751
18447793
18447806
18447825
18447826
18447846
18447853
18447857
18447881
18447926
18447935
18447958
18447959
18447974
18447983
18447985
18447986
18447987
18448006
18448007
18448010
18448012
18448018
18448077
18448085
18448088
18448093
18448096
18448097
18448117
18448127
18448133
18448162
18448164
18448193
18448201
18448204
18448210
18448218
18448219
18448226
18448227
18448235
18448239
18448240
18448245
18448262
18448273
18448276
18448282
18448283
18448291
18448299
18448300
18448301
18448308
18448313
18448315
18448338
18448348
18448354
18448366
18448448
18448450
18448455
18448465
18448484
18448486
18448491
18448502
18448507
18448521
18448533
18448546
18448559
18448560
18448568
18448579
18448580
18448581
18448602
18448633
18448650
18448669
18448672
18448681
18448699
18448706
18448713
18448729
18448738
18448753
18448761
18448771
18448792
18448794
18448798
18448806
18448821
18448823
18448832
18448843
18448847
18448851
18448852
18448870
18448877
18448895
18448897
18448904
18448917
18448930
18448940
18449002
18449015
18449042
18449059
18449104
18449145
18449150
18449165
18449170
18449220
18449228
18449264
18449285
18449286
18449294
18449301
18449325
18449348
18449350
18449361
18449401
18449405
18449420
18449434
18449437
18449440
18449444
18449445
18449450
18449451
18449457
18449467
18449474
18449475
18449480
18449481
18449485
18449487
18449501
18449504
18449513
18449517
18449521
18449542
18449543
18449553
18449554
18449610
18449613
18449615
18449628
18449636
18449663
18449699
18449701
18449713
18449717
18449719
18449723
18449734
18449754
18449756
18449763
18449770
18449773
18449792
18449793
18449799
18449811
18449814
18449818
18449827
18449845
18449929
18449974
18449986
18450009
18450031
18450054
18450055
18450058
18450063
18450064
18450065
18450075
18450086
18450094
18450101
18450112
18450134
18450156
18450188
18450198
18450204
18450227
18450241
18450252
18450256
18450265
18450280
18450289
18450290
18450291
18450295
18450296
18450298
18450312
18450321
18450322
18450324
18450335
18450338
18450343
18450346
18450351
18450354
18450355
18450368
18450374
18450381
18450390
18450394
18450396
18450403
18450408
18450459
18450465
18450468
18450477
18450487
18450489
18450501
18450506
18450518
18450522
18450533
18450535
18450549
18450554
18450558
18450571
18450586
18450614
18450630
18450632
18450633
18450634
18450640
18450647
18450650
18450652
18450654
18450665
18450669
18450702
18450704
18450710
18450712
18450716
18450719
18450722
18450724
18450729
18450756
18450757
18450761
18450763
18450778
18450783
18450786
18450788
18450805
18450807
18450812
18450834
18450845
18450847
18450878
18450889
18450943
18450953
18450954
18450980
18450988
18450992
18451007
18451017
18451075
18451076
18451084
18451085
18451099
18451102
18451105
18451129
18451130
18451131
18451132
18451135
18451136
18451143
18451146
18451147
18451151
18451156
18451193
18451219
18451227
18451235
18451236
18451240
18451241
18451244
18451249
18451256
18451267
18451270
18451286
18451309
18451332
18451337
18451344
18451357
18451379
18451388
18451413
18451427
18451432
18451437
18451453
18451472
18451476
18451490
18451522
18451526
18451545
18451551
18451559
18451563
18451567
18451577
18451593
18451597
18451599
18451601
18451611
18451616
18451621
18451639
18451641
18451642
18451643
18451648
18451654
18451663
18451673
18451675
18451689
18451698
18451704
18451718
18451719
18451751
18451775
18451788
18451790
18451863
18451871
18451903
18451917
18451927
18451935
18451939
18451952
18451970
18451981
18451985
18452004
18452010
18452031
18452036
18452045
18452055
18452056
18452087
18452097
18452103
18452120
18452122
18452136
18452141
18452143
18452145
18452156
18452173
18452197
18452203
18452206
18452212
18452226
18452230
18452232
18452237
18452242
18452258
18452310
18452315
18452316
18452327
18452328
18452352
18452354
18452370
18452384
18452400
18452416
18452419
18452433
18452440
18452454
18452473
18452478
18452500
18452502
18452509
18452517
18452532
18452544
18452549
18452582
18452589
18452599
18452602
18452625
18452702
18452719
18452731
18452733
18452738
18452745
18452758
18452774
18452788
18452799
18452810
18452814
18452835
18452841
18452843
18452856
18452857
18452863
18452872
18452873
18452874
18452877
18452885
18452888
18452902
18452907
18452909
18452911
18452916
18452923
18452924
18452927
18452932
18452938
18452943
18452945
18452974
18452991
18452996
18453017
18453019
18453029
18453050
18453061
18453071
18453072
18453077
18453094
18453105
18453127
18453137
18453141
18453150
18453163
18453182
18453189
18453194
18453195
18453196
18453205
18453216
18453227
18453252
18453254
18453258
18453262
18453281
18453283
18453295
18453310
18453324
18453377
18453385
18453390
18453399
18453423
18453428
18453454
18453517
18453538
18453551
18453583
18453601
18453623
18453671
18453673
18453675
18453676
18453678
18453688
18453692
18453693
18453706
18453711
18453713
18453714
18453716
18453726
18453731
18453734
18453739
18453771
18453794
18453836
18453841
18453845
18453857
18453859
18453874
18453895
18453903
18453908
18453927
18453928
18453972
18453979
18453989
18453992
18454000
18454001
18454009
18454012
18454015
18454024
18454025
18454029
18454032
18454039
18454040
18454041
18454042
18454053
18454054
18454061
18454063
18454066
18454103
18454113
18454115
18454124
18454141
18454144
18454149
18454153
18454179
18454198
18454203
18454205
18454212
18454214
18454217
18454220
18454224
18454231
18454247
18454275
18454325
18454327
18454335
18454337
18454370
18454379
18454382
18454395
18454398
18454405
18454485
18454498
18454569
18454576
18454582
18454612
18454634
18454641
18454706
18454709
18454721
18454727
18454749
18454750
18454760
18454769
18454780
18454789
18454791
18454793
18454795
18454798
18454806
18454811
18454817
18454821
18454824
18454831
18454834
18454835
18454839
18454843
18454846
18454853
18454866
18454868
18454885
18454910
18454975
18454993
18455018
18455026
18455046
18455047
18455060
18455066
18455070
18455071
18455076
18455081
18455083
18455092
18455094
18455097
18455100
18455110
18455116
18455117
18455131
18455133
18455134
18455141
18455164
18455180
18455188
18455205
18455223
18455231
18455246
18455251
18455259
18455271
18455295
18455306
18455314
18455346
18455348
18455376
18455381
18455383
18455404
18455424
18455428
18455431
18455440
18455442
18455443
18455446
18455448
18455452
18455455
18455461
18455471
18455476
18455478
18455479
18455480
18455482
18455488
18455517
18455549
18455587
18455617
18455627
18455641
18455642
18455644
18455648
18455660
18455664
18455672
18455686
18455689
18455690
18455701
18455702
18455706
18455708
18455714
18455718
18455720
18455729
18455737
18455741
18455742
18455748
18455751
18455771
18455798
18455801
18455821
18455829
18455837
18455842
18455948
18455971
18455983
18455992
18456004
18456006
18456013
18456018
18456024
18456035
18456037
18456040
18456048
18456052
18456062
18456072
18456087
18456121
18456135
18456139
18456153
18456206
18456209
18456211
18456217
18456228
18456231
18456232
18456233
18456235
18456238
18456241
18456256
18456259
18456271
18456275
18456277
18456281
18456283
18456302
18456308
18456309
18456310
18456318
18456321
18456326
18456327
18456329
18456336
18456342
18456350
18456353
18456366
18456387
18456395
18456406
18456431
18456449
18456454
18456457
18456465
18456480
18456486
18456503
18456506
18456518
18456519
18456521
18456522
18456523
18456549
18456550
18456556
18456559
18456561
18456565
18456569
18456575
18456576
18456578
18456603
18456617
18456625
18456629
18456630
18456634
18456639
18456651
18456656
18456659
18456663
18456670
18456678
18456714
18456743
18456787
18456789
18456793
18456855
18456856
18456885
18456889
18456891
18456895
18456901
18456913
18456933
18456936
18456939
18456941
18456943
18456947
18456951
18456954
18456976
18456986
18457021
18457026
18457031
18457038
18457041
18457044
18457049
18457053
18457060
18457062
18457063
18457067
18457068
18457071
18457080
18457082
18457094
18457097
18457101
18457102
18457105
18457107
18457108
18457110
18457140
18457145
18457152
18457154
18457156
18457160
18457163
18457168
18457169
18457170
18457173
18457176
18457186
18457190
18457194
18457197
18457201
18457202
18457203
18457208
18457212
18457224
18457225
18457226
18457230
18457251
18457256
18457257
18457262
18457265
18457266
18457268
18457269
18457272
18457294
18457303
18457305
18457309
18457310
18457314
18457320
18457322
18457329
18457341
18457344
18457380
18457411
18457422
18457425
18457427
18457437
18457443
18457446
18457456
18457461
18457462
18457463
18457465
18457492
18457506
18457507
18457509
18457521
18457523
18457530
18457536
18457570
18457598
18457602
18457610
18457615
18457619
18457624
18457636
18457637
18457646
18457647
18457648
18457653
18457659
18457660
18457661
18457662
18457663
18457669
18457671
18457678
18457686
18457688
18457689
18457705
18457708
18457725
18457734
18457739
